34
80
13
10
32
25
94
74
1
68
82
66
82
86
78
69
58
46
50
68
14
39
74
14
4
95
4
94
0
53
97
38
38
18
36
55
9
16
81
99
49
66
55
3
14
38
50
90
10
98
35
13
40
98
9
51
81
58
98
98
80
78
38
88
42
68
66
37
85
24
4
17
72
41
62
84
10
93
80
17
73
7
42
41
46
93
35
58
59
53
85
17
88
71
33
80
57
7
33
40
91
59
8
69
54
93
51
54
29
21
17
93
44
54
77
18
32
4
52
60
68
50
7
42
46
29
83
68
73
7
60
83
35
32
64
98
65
80
39
15
5
9
87
22
88
42
67
0
82
20
10
27
78
31
39
95
15
92
66
40
66
48
73
69
5
19
76
39
65
16
34
52
9
58
13
51
8
67
21
34
38
3
17
41
48
32
57
72
1
97
93
55
6
39
76
61
46
41
54
22
5
97
96
75
46
0
94
39
31
83
94
39
99
15
6
64
4
70
89
15
37
83
60
91
34
71
89
62
22
64
32
63
4
33
89
76
20
34
59
64
7
36
39
9
65
25
80
71
41
23
76
28
19
6
33
57
26
3
2
7
50
60
59
22
45
56
3
36
98
75
20
19
36
85
52
95
89
82
53
56
14
47
19
89
54
8
77
3
44
81
70
85
9
14
60
52
59
72
91
68
51
17
62
56
38
37
47
9
74
84
74
44
11
93
44
37
16
44
67
71
25
91
2
8
56
68
53
25
82
44
63
24
95
59
12
50
10
3
56
55
79
51
32
48
25
94
65
27
68
70
78
33
22
25
79
71
46
83
33
1
47
70
9
60
43
24
74
29
41
51
87
94
27
78
97
44
30
33
23
53
25
10
69
72
26
70
51
80
7
21
8
71
97
22
10
46
87
70
46
2
20
5
18
73
48
99
1
48
85
0
83
30
44
66
79
16
50
90
13
15
77
66
0
46
15
26
73
22
74
8
34
71
16
9
7
72
8
62
31
41
94
27
46
71
64
86
58
71
62
70
16
53
8
0
18
66
36
2
53
72
79
93
93
60
22
55
34
49
67
41
93
14
22
45
5
90
83
14
59
91
42
29
11
59
48
93
34
53
19
70
54
69
67
8
36
23
95
68
74
69
61
37
19
3
70
1
2
44
41
52
39
20
43
24
77
19
90
14
70
22
95
17
75
98
15
67
42
52
48
20
86
84
23
96
65
3
24
87
87
7
94
6
62
35
48
20
29
49
29
5
82
58
74
75
29
23
6
51
59
11
3
37
22
41
55
51
14
13
38
74
90
83
8
0
94
31
62
34
48
28
83
66
99
51
60
32
98
15
83
79
76
8
55
55
91
48
78
75
81
97
82
39
57
86
1
49
76
29
2
39
10
31
75
46
63
13
51
35
36
95
54
86
22
27
73
45
73
91
88
47
96
16
0
44
26
87
49
62
36
21
27
28
61
29
41
93
45
28
40
10
38
4
49
51
45
22
43
79
3
25
33
92
26
43
38
62
85
91
7
95
93
14
0
54
65
40
86
96
12
60
68
19
56
9
49
74
66
90
44
59
82
21
88
96
37
19
99
43
67
12
6
76
90
6
33
39
47
51
5
48
43
30
12
8
29
70
84
68
45
65
19
14
7
89
3
1
80
8
4
22
12
66
76
85
57
85
21
77
52
10
99
44
33
14
62
84
77
20
63
41
30
29
68
90
22
55
6
73
32
90
33
69
97
62
41
68
81
34
33
89
58
99
59
9
70
73
48
41
99
34
18
13
31
69
32
20
44
56
33
2
73
89
39
56
18
39
49
62
57
25
1
50
88
77
51
12
10
92
90
16
5
50
36
69
92
52
41
1
15
6
23
98
74
82
84
47
66
95
76
69
57
33
66
91
24
80
19
14
61
5
90
47
60
43
11
97
23
91
1
34
12
7
97
38
78
82
42
86
10
46
29
93
77
61
47
82
58
64
69
5
18
6
13
12
65
0
23
79
79
69
26
43
71
71
57
22
23
56
97
98
2
80
53
62
3
50
39
33
81
35
93
13
54
82
7
36
93
38
42
93
51
36
58
68
57
97
75
69
69
62
0
51
18
83
61
60
4
85
0
1
79
81
72
65
82
67
85
11
76
1
71
12
19
48
33
57
90
50
86
20
97
39
75
64
96
1
27
95
37
12
28
46
79
55
65
65
78
28
96
62
15
67
85
43
71
46
55
58
21
96
96
49
73
90
0
45
64
16
26
72
24
65
73
50
36
13
37
71
94
28
61
98
56
7
68
59
33
60
85
42
49
94
11
29
3
13
63
84
68
30
47
40
85
84
75
49
83
13
94
28
13
67
37
19
15
43
8
38
94
7
79
77
34
32
45
60
35
86
98
50
74
53
1
93
52
96
40
97
89
65
64
98
20
6
99
92
6
48
92
16
15
34
28
88
13
1
22
11
55
59
28
88
18
38
62
3
99
74
22
43
29
67
55
32
27
21
19
91
29
26
48
10
46
84
18
26
17
64
92
31
77
88
5
5
51
10
59
39
96
54
38
88
50
13
40
70
65
34
73
38
28
42
52
28
80
44
97
17
40
81
81
83
34
62
24
83
45
32
2
20
88
46
94
57
73
21
50
9
23
76
93
85
59
72
90
35
90
90
60
99
58
30
72
35
23
11
38
87
34
83
89
95
71
32
64
51
1
81
24
20
61
5
56
35
78
96
6
8
50
39
35
56
25
24
35
1
5
69
13
71
40
74
10
38
55
68
44
1
72
89
3
20
33
29
23
19
98
94
69
52
45
39
41
45
84
56
89
22
6
60
36
52
16
69
35
80
28
6
61
82
91
70
45
74
78
72
17
99
6
85
61
79
6
22
16
29
88
25
85
82
18
14
97
17
33
67
73
22
55
1
47
36
52
72
31
6
48
27
76
27
53
37
67
31
19
14
81
97
20
72
48
72
7
0
97
95
29
56
72
20
27
59
61
81
65
72
21
60
91
63
58
71
12
64
71
54
31
35
15
79
41
28
69
63
4
72
85
54
12
82
65
49
64
47
69
65
18
84
58
69
90
92
87
41
6
41
20
84
28
51
8
91
38
50
2
11
47
20
1
99
27
58
68
22
65
45
34
13
20
59
67
52
6
58
75
8
5
41
18
17
42
60
23
81
53
58
94
47
88
79
42
28
18
3
55
83
66
94
77
71
89
32
43
59
50
3
47
79
30
45
11
33
59
5
65
92
73
88
72
20
10
53
28
93
51
34
17
49
82
36
74
74
66
21
2
18
87
59
2
72
93
10
10
80
77
8
30
17
61
94
71
98
9
57
97
68
77
57
63
81
3
96
42
90
94
50
60
99
90
88
95
26
25
12
19
66
65
60
34
79
83
33
73
80
75
83
84
29
67
95
35
77
19
24
61
25
62
69
87
93
76
65
65
87
79
44
6
87
8
35
21
72
78
43
60
96
23
82
74
35
92
78
48
12
95
81
55
99
75
54
78
27
97
65
58
26
65
59
52
68
72
45
71
52
72
71
85
1
40
20
48
46
30
4
94
58
93
1
56
33
16
3
51
73
30
22
38
37
94
16
0
12
18
88
92
33
44
18
58
34
44
23
71
12
1
37
16
68
41
28
88
90
63
73
50
17
78
71
53
12
29
80
73
5
5
38
38
39
19
54
36
7
56
15
53
43
45
2
62
28
27
63
37
91
94
45
50
34
35
7
55
20
93
52
42
95
29
3
92
16
34
33
13
24
61
86
78
50
60
1
69
35
99
33
44
34
49
2
98
18
90
35
91
2
12
61
53
23
41
13
45
5
86
32
79
75
68
43
59
62
84
52
1
28
24
99
59
83
36
15
74
36
76
53
5
76
9
94
72
63
89
85
73
10
76
35
28
82
37
25
43
64
95
96
99
39
45
69
67
97
70
38
13
10
53
25
24
27
56
90
48
21
43
69
0
62
87
98
16
33
70
64
3
96
81
93
6
57
38
43
22
2
71
56
95
21
19
52
59
28
24
91
19
69
33
38
64
69
63
52
68
6
52
7
16
47
39
6
80
93
39
4
90
88
42
4
71
47
93
7
4
80
32
25
77
20
61
3
6
24
66
38
78
48
81
40
83
29
95
30
37
7
63
98
80
9
27
48
10
56
98
0
33
68
75
82
10
93
89
8
91
87
54
59
93
18
89
26
12
78
65
49
29
31
71
94
77
48
27
49
14
19
19
56
80
75
72
59
90
44
59
81
37
47
5
73
4
72
27
88
6
77
5
23
51
75
8
3
9
55
93
42
49
65
90
94
10
85
16
16
19
99
90
1
21
6
14
41
60
79
5
20
65
76
43
91
96
50
67
81
84
19
12
76
93
76
60
3
73
84
99
81
75
41
81
76
41
30
47
62
76
80
39
17
60
95
54
5
84
64
99
5
5
20
38
96
10
56
75
30
92
30
83
29
2
33
65
84
47
38
35
71
83
98
51
12
17
81
57
51
57
6
47
61
18
12
89
63
75
91
64
67
60
74
55
68
96
79
5
99
