85
84
37
45
10
15
33
63
75
34
96
99
20
39
69
36
4
43
11
84
34
91
99
44
66
5
11
83
29
43
0
91
48
96
48
65
91
8
57
93
74
91
39
86
7
70
42
35
99
40
10
30
78
37
27
68
1
68
70
77
8
4
36
14
17
85
21
81
71
40
6
91
21
32
48
27
51
41
40
69
50
49
39
69
56
63
35
65
31
49
63
50
47
85
57
0
86
30
61
73
25
68
5
20
42
75
47
75
59
34
83
58
17
11
20
14
85
58
11
76
95
45
49
80
81
88
74
5
78
67
95
63
8
3
89
92
88
43
30
90
63
74
9
70
5
53
34
35
84
19
94
70
60
92
55
22
39
60
19
40
52
94
23
73
39
90
77
78
32
19
52
76
15
86
52
62
52
1
42
46
37
25
95
50
54
84
73
59
34
39
26
67
49
16
83
64
34
52
42
40
32
67
52
32
84
89
45
96
95
45
11
92
65
80
54
22
30
66
97
40
74
48
36
6
0
39
6
80
77
39
10
72
34
92
45
82
65
70
2
69
29
39
42
49
18
5
77
9
86
41
68
62
98
62
70
8
40
21
32
91
52
17
43
9
77
30
19
63
39
54
30
73
30
87
39
10
88
36
44
0
29
10
35
39
73
23
88
89
86
35
89
29
67
27
78
50
42
6
91
71
15
84
87
82
85
17
51
8
97
45
24
54
0
49
92
10
64
14
62
55
74
20
53
65
63
22
16
81
6
69
34
7
97
72
94
91
26
30
45
20
54
76
88
8
11
57
6
74
17
12
28
70
12
93
30
92
82
82
18
37
88
56
84
47
98
37
39
28
70
12
11
14
73
83
38
66
23
64
43
64
96
24
84
14
23
53
79
6
54
10
59
0
17
90
48
96
74
5
63
78
18
99
10
11
66
40
2
52
40
33
33
80
82
75
51
23
87
90
16
41
16
48
69
90
8
53
81
47
29
75
65
58
81
78
69
54
47
71
85
7
98
28
65
93
8
36
19
53
57
81
74
38
26
31
88
93
45
2
79
49
12
88
17
42
64
7
31
28
16
13
53
36
86
98
88
13
15
38
60
96
16
80
23
3
18
5
1
8
85
85
56
60
62
31
11
54
25
42
76
50
72
19
29
53
62
98
10
76
48
7
80
31
42
9
82
78
67
18
22
33
71
41
63
86
14
91
15
39
10
28
59
63
8
26
27
92
1
22
93
43
68
13
7
46
34
25
12
41
36
99
95
50
83
82
85
2
25
52
65
21
80
72
33
27
29
19
58
79
4
33
58
20
27
15
45
69
71
80
56
50
50
82
95
17
53
24
56
80
82
35
64
77
34
26
68
39
43
40
4
39
53
34
53
68
98
89
5
69
74
63
39
35
63
70
8
35
76
63
76
70
84
68
30
55
32
29
95
70
78
43
6
16
18
50
17
47
98
39
62
36
29
41
69
94
8
89
47
43
6
71
67
96
12
96
77
67
37
1
49
57
0
3
37
91
60
70
1
85
31
87
46
7
88
23
0
4
87
75
74
4
35
2
58
86
28
9
96
6
94
37
12
83
70
0
80
18
10
23
77
14
30
19
41
73
95
82
1
77
42
1
89
7
4
75
73
47
17
26
98
52
71
32
51
65
98
92
48
59
93
20
1
29
68
40
22
92
71
48
56
7
4
98
86
59
20
77
76
72
69
38
43
69
9
84
57
47
67
53
18
11
50
92
1
49
53
70
41
46
94
80
19
0
48
16
24
18
17
37
63
5
29
62
23
90
70
54
61
50
57
83
52
9
75
68
4
86
73
50
62
53
15
91
45
45
33
77
17
49
37
44
23
35
26
46
85
88
82
30
80
9
46
82
75
62
81
12
79
1
92
42
32
30
5
23
70
96
95
58
52
89
4
97
67
36
93
34
94
60
45
75
75
27
71
24
68
57
70
74
79
58
74
13
17
77
30
2
72
5
3
88
1
92
74
8
44
54
1
97
77
37
37
46
11
33
50
13
33
50
22
98
27
61
72
52
79
32
88
15
16
34
88
19
95
24
81
2
95
83
27
85
17
77
16
26
37
45
78
24
99
70
54
92
1
81
51
38
2
50
80
22
88
34
96
44
66
83
40
56
79
58
77
71
33
88
37
95
70
80
99
67
25
47
10
54
10
92
97
37
3
86
15
31
86
72
1
90
91
90
5
21
87
12
17
9
89
5
48
82
36
66
85
19
63
67
78
90
60
20
46
40
95
25
25
67
40
60
88
86
25
12
