69
78
90
6
41
38
14
23
75
25
88
97
54
96
13
90
52
91
56
81
35
43
78
11
16
19
52
43
86
40
47
80
51
53
45
73
63
73
41
10
37
91
79
95
51
63
49
57
86
89
52
84
33
24
55
54
7
3
13
66
2
14
42
14
12
39
4
30
90
89
0
28
0
71
46
60
90
26
17
74
60
30
87
5
43
27
72
37
79
8
78
38
19
40
52
22
43
4
76
66
55
50
16
62
92
42
48
92
58
0
74
7
28
94
11
20
95
52
51
73
68
88
77
41
74
28
13
24
56
70
82
67
45
51
5
9
46
93
53
32
14
29
36
60
33
98
20
54
63
56
76
29
53
79
62
69
13
4
50
82
87
84
44
72
95
1
82
12
7
92
17
34
24
48
33
7
11
15
48
75
69
94
89
1
42
10
49
62
69
9
72
1
40
26
60
37
21
55
55
94
84
31
51
20
18
81
8
63
29
74
18
86
30
77
28
31
56
14
6
40
77
82
41
71
81
72
18
76
55
34
4
75
80
6
70
86
8
15
30
68
19
17
20
51
86
88
25
11
98
37
96
18
71
3
41
61
0
17
10
89
4
47
4
22
2
30
26
42
36
6
70
56
42
18
84
86
41
14
62
59
47
7
42
39
27
25
70
34
93
29
27
83
39
82
48
87
77
94
75
60
28
49
71
45
38
16
50
87
13
74
61
68
55
32
40
79
1
52
16
53
32
82
26
16
56
37
24
16
96
90
61
95
86
85
8
3
33
3
37
43
38
60
66
37
19
96
71
22
49
14
2
62
93
84
14
14
90
14
84
35
74
80
47
34
97
24
15
39
69
78
11
15
79
3
40
51
72
89
2
25
55
37
7
31
29
25
57
95
60
33
85
73
18
2
19
22
87
24
12
25
71
74
22
87
57
0
28
4
44
21
33
85
48
68
62
11
0
48
52
88
97
62
86
60
94
26
69
89
33
29
1
82
41
74
56
42
65
27
37
72
13
1
45
15
57
89
43
99
53
84
78
36
17
30
89
3
1
65
74
38
26
63
96
19
29
96
42
96
90
19
98
58
62
8
39
66
8
38
65
58
37
64
36
4
72
50
29
39
45
82
50
41
26
47
48
11
8
16
23
86
75
23
80
64
69
56
19
69
41
11
82
50
84
33
97
34
66
38
64
57
76
31
97
78
51
54
21
63
92
37
54
57
69
41
82
31
74
67
71
25
58
59
29
86
79
61
21
95
19
84
29
15
60
70
68
6
0
10
85
72
53
33
83
14
98
94
96
97
32
31
33
12
86
96
34
82
85
81
54
98
89
58
80
19
65
57
65
40
56
18
61
89
33
64
78
73
40
16
78
51
17
14
75
93
99
75
36
87
80
84
59
8
81
97
25
4
34
78
57
44
46
56
23
7
67
85
80
85
28
75
9
95
4
70
61
34
56
2
14
1
97
65
62
49
68
95
41
82
60
90
45
82
4
92
18
0
7
2
92
87
54
11
98
7
8
0
29
97
52
73
93
77
1
98
98
33
55
0
19
53
42
69
73
75
38
91
63
29
31
15
58
96
58
15
8
60
18
75
22
8
25
15
99
80
87
15
95
87
39
53
58
49
48
56
32
20
5
72
29
39
39
81
73
75
57
68
81
17
90
89
3
84
75
23
66
6
66
75
13
39
66
29
22
81
18
47
97
35
89
18
35
76
16
22
60
70
17
78
63
59
99
82
79
10
82
6
44
96
34
92
43
63
98
62
65
98
55
27
55
6
11
36
4
12
88
31
84
67
94
19
4
94
36
71
23
29
26
0
61
5
28
14
75
20
63
16
26
74
11
96
56
6
23
56
65
22
15
3
87
66
62
33
80
35
87
93
24
89
15
16
27
15
65
58
76
14
84
75
12
82
85
2
60
69
65
53
79
56
25
3
14
23
29
90
49
10
48
92
96
40
91
93
45
79
7
87
43
70
22
7
15
74
3
35
96
69
74
88
83
65
82
77
92
46
94
57
57
67
64
40
69
81
68
38
47
4
88
45
72
66
89
39
76
10
13
30
5
79
25
92
61
16
9
24
78
40
46
86
72
21
90
57
41
71
0
74
34
52
26
2
65
54
91
17
64
90
86
57
84
51
39
53
51
22
15
3
48
16
38
94
98
40
29
9
7
89
98
49
36
44
81
76
6
90
4
22
78
98
56
35
35
18
68
90
80
3
2
82
85
30
82
25
7
51
72
91
19
19
26
10
28
7
88
11
2
87
9
41
61
31
31
22
96
10
80
7
56
32
14
51
21
48
2
36
75
73
78
48
92
99
11
20
81
51
81
88
42
33
48
26
39
95
40
11
75
2
98
90
60
6
91
93
93
30
76
28
22
34
53
51
32
28
6
16
52
13
43
2
3
44
9
73
77
62
18
13
90
43
7
83
36
70
79
50
36
4
94
43
28
76
23
88
81
49
99
32
3
83
38
43
0
60
18
96
63
73
93
54
30
23
25
42
48
70
79
84
51
44
2
83
77
51
71
97
92
99
14
64
51
22
24
25
38
31
23
41
31
24
85
62
19
13
39
23
35
46
79
17
42
79
21
85
0
80
87
69
25
74
79
46
67
18
54
20
19
81
66
40
56
70
65
37
18
34
92
1
21
83
13
79
77
4
87
7
81
15
8
70
58
81
50
33
72
15
97
43
24
10
59
48
99
94
41
32
31
9
73
28
20
7
32
76
57
42
91
95
59
14
23
3
19
29
70
98
90
62
24
54
79
98
21
28
38
13
94
29
78
65
80
54
12
13
47
44
31
45
2
17
76
33
50
71
94
19
11
43
67
50
50
59
64
31
40
2
35
24
69
54
3
12
63
25
10
11
68
65
36
6
95
68
64
0
45
2
83
0
69
36
76
97
6
29
63
80
86
44
37
38
78
79
27
71
9
71
18
15
35
71
11
85
25
62
78
81
64
70
55
78
85
80
47
99
13
27
27
95
30
9
69
41
12
52
59
58
51
51
20
5
30
60
14
62
2
17
24
49
80
25
85
29
94
5
58
31
78
34
8
13
24
74
27
53
17
94
65
7
94
46
6
57
39
79
17
49
2
47
59
1
8
68
32
26
12
55
87
96
36
38
71
69
48
42
60
78
45
37
28
63
1
91
31
20
87
84
73
86
49
16
55
12
54
80
44
91
1
97
63
47
53
10
96
69
20
28
51
26
11
74
63
95
74
98
77
39
64
6
16
99
80
38
75
44
88
67
91
39
41
77
15
91
62
72
32
50
7
86
82
42
84
72
90
84
68
74
59
65
69
71
10
3
92
81
95
88
29
43
92
15
82
48
25
24
81
72
40
9
21
55
24
11
61
18
16
10
97
73
29
69
80
77
31
74
27
63
35
89
59
67
83
70
35
88
50
80
39
58
38
53
56
58
82
98
94
78
90
2
2
71
21
35
41
77
41
28
41
24
48
50
84
65
9
36
96
55
1
79
83
68
7
79
2
61
49
50
98
93
76
74
25
29
5
62
56
89
88
95
6
81
83
2
94
73
90
20
68
73
94
73
41
46
91
0
58
91
86
23
53
45
22
65
22
96
68
10
44
7
92
75
23
49
5
7
40
9
31
91
61
41
98
91
9
77
67
64
13
2
91
47
89
0
16
81
92
41
74
89
27
43
14
56
92
28
51
42
0
80
94
43
0
42
60
27
58
14
15
58
19
54
49
74
65
50
11
8
42
27
4
97
7
74
83
63
37
30
62
72
94
46
95
43
58
95
80
44
41
45
98
25
98
56
31
2
54
15
3
40
97
48
82
34
35
59
54
70
90
6
18
33
50
28
16
84
49
82
63
99
20
19
58
33
2
34
87
4
66
9
36
27
4
72
44
93
21
44
13
99
69
20
42
31
63
99
35
17
9
75
29
96
58
57
81
81
92
85
20
78
13
89
24
78
53
53
87
20
84
80
14
90
75
26
18
49
26
74
38
93
90
92
61
71
74
93
22
43
93
10
61
7
49
50
26
15
26
96
7
59
65
80
45
28
55
28
91
55
50
3
16
62
93
39
54
68
78
87
31
53
13
94
28
63
66
70
17
55
9
53
88
41
49
53
52
84
50
78
93
13
15
6
19
99
85
51
73
45
0
39
57
96
63
32
95
79
47
64
81
81
12
10
86
74
68
87
34
71
28
11
98
53
16
13
96
16
96
87
9
9
47
26
85
31
74
54
81
98
21
92
62
10
98
75
12
37
12
45
81
0
39
7
9
64
33
64
96
14
45
44
37
28
16
50
20
80
11
74
73
27
76
19
12
49
83
78
84
44
33
19
2
75
77
21
34
29
93
19
38
63
23
63
3
27
8
14
42
65
17
87
40
22
78
35
43
1
97
47
41
4
47
49
8
81
53
18
36
0
38
59
61
56
72
71
61
38
95
84
38
56
1
74
59
34
8
82
13
77
95
21
97
51
38
80
94
31
47
54
6
3
21
4
4
64
64
44
50
81
38
91
1
50
29
29
39
1
92
27
45
59
70
70
28
92
44
73
22
9
67
48
34
88
39
72
42
66
84
20
3
90
31
16
67
30
82
16
43
31
50
39
45
2
90
40
89
46
99
75
79
88
27
44
38
54
57
64
15
83
44
5
46
16
74
51
11
18
71
39
38
30
24
36
96
23
5
88
48
44
56
57
46
75
82
30
10
11
17
47
50
12
34
67
58
34
5
77
81
94
31
36
75
38
70
85
52
48
25
6
82
76
85
31
26
44
42
10
87
42
9
40
74
34
48
81
35
53
63
1
21
75
67
10
92
6
22
34
39
49
57
42
59
48
19
99
80
44
76
60
85
36
36
97
7
23
41
13
90
9
21
25
64
10
34
86
69
0
58
63
43
71
4
80
43
80
72
94
94
90
10
99
91
73
42
70
23
63
76
29
6
59
16
7
3
28
70
4
78
69
92
83
29
39
65
19
68
49
12
87
52
54
76
30
44
96
97
69
81
16
93
68
78
30
95
3
70
73
2
59
98
60
78
40
51
61
88
41
24
76
86
10
48
75
42
15
59
77
40
20
95
5
65
60
18
19
36
30
8
26
10
17
56
44
98
19
90
53
87
34
95
43
32
40
41
81
28
37
2
48
75
62
10
70
57
41
7
51
36
43
7
83
41
5
27
37
88
96
82
3
27
13
86
59
80
88
39
64
71
78
41
42
27
58
8
60
69
28
51
5
5
51
29
61
64
76
77
64
10
41
37
43
82
94
37
31
48
19
5
6
80
88
43
36
56
23
80
92
54
17
48
69
98
2
46
97
3
87
74
95
6
7
32
86
35
19
92
28
29
91
59
34
35
36
6
35
38
51
91
45
67
27
4
76
84
72
81
4
38
96
4
42
52
40
24
32
42
81
74
0
57
34
69
7
6
35
52
0
44
67
78
39
18
17
90
74
83
63
7
4
64
97
10
24
13
29
1
25
80
5
44
59
29
77
74
37
71
20
40
19
56
16
68
95
14
91
53
65
48
6
28
58
78
51
62
15
6
60
11
84
37
77
1
82
68
22
53
14
3
81
49
27
52
37
82
51
94
80
86
63
26
89
77
13
80
25
37
92
20
87
38
10
14
65
89
75
6
78
48
55
9
55
8
77
17
22
53
30
82
0
83
69
21
15
50
98
1
95
93
55
72
37
64
91
9
35
63
48
14
69
16
2
76
50
14
91
76
43
86
35
60
35
32
39
78
39
61
14
14
27
14
78
85
16
32
15
22
27
78
10
99
27
53
91
26
44
88
17
90
60
38
39
28
6
37
94
4
5
75
33
98
1
75
48
61
96
57
81
50
17
76
69
38
50
87
62
56
69
17
3
71
33
94
20
60
95
93
16
83
14
13
65
63
2
4
40
65
91
82
8
98
74
81
20
10
31
98
2
73
92
10
30
98
33
90
42
69
72
12
0
7
44
4
9
43
29
97
45
45
22
75
76
63
38
61
22
98
7
15
50
37
16
21
49
33
81
70
29
60
39
51
44
28
69
35
51
96
9
86
57
37
2
42
83
11
15
14
5
81
78
57
62
86
79
25
3
8
1
42
2
67
60
93
21
33
23
91
86
24
28
16
40
62
13
30
97
82
99
67
89
27
21
29
15
61
45
25
55
97
14
10
20
6
87
98
43
87
34
90
59
54
7
40
38
45
82
75
10
84
18
90
49
38
68
30
8
21
81
32
63
16
35
45
15
97
98
55
33
75
33
40
55
29
66
92
70
63
42
95
86
45
79
37
25
15
91
93
32
8
81
56
96
77
26
9
57
79
91
18
28
27
45
87
34
98
60
74
0
2
25
5
72
1
91
96
70
50
85
92
48
10
83
91
33
37
66
25
35
25
4
3
7
60
35
37
60
51
85
60
93
94
59
10
56
56
29
55
35
73
39
21
60
27
11
69
66
10
65
69
33
72
40
6
92
53
95
35
11
62
42
9
49
76
95
72
64
29
26
81
60
22
37
10
92
16
38
70
10
26
22
54
83
24
38
88
57
31
42
48
51
96
66
71
13
9
15
71
53
80
26
20
30
59
98
65
94
52
1
69
30
94
64
99
94
52
72
26
67
51
16
23
81
0
61
1
73
25
74
21
30
29
6
93
1
50
11
15
46
16
89
66
70
3
66
49
88
69
3
88
93
79
47
43
57
78
92
80
36
86
76
71
39
73
90
46
27
89
64
59
90
95
64
15
11
93
8
81
79
80
49
70
78
44
26
23
80
88
47
42
25
34
87
87
17
39
26
85
24
94
35
50
67
51
34
65
98
0
63
61
81
84
72
10
93
48
54
47
14
53
21
36
95
78
66
22
18
6
90
60
89
27
31
54
19
97
15
82
99
62
4
28
50
41
15
87
7
54
45
8
14
38
37
82
32
3
76
34
10
22
61
65
84
96
89
71
12
97
8
75
61
77
9
57
65
16
51
40
0
60
7
41
7
34
4
46
18
86
22
20
58
28
99
2
36
93
67
2
53
33
85
87
83
8
32
94
70
18
71
7
90
26
42
83
93
54
77
7
32
11
24
52
4
67
62
75
36
47
31
47
66
55
35
43
77
73
31
92
85
60
64
31
68
21
21
28
81
35
67
18
18
49
69
8
66
3
17
50
79
25
21
27
63
17
8
73
20
67
15
73
51
40
12
26
43
17
32
66
22
47
23
93
53
24
43
54
5
48
43
72
85
70
54
17
3
14
43
17
47
33
40
28
41
48
20
87
72
98
38
71
78
30
43
69
23
32
95
97
80
86
10
23
27
4
83
89
9
58
56
72
85
56
29
72
67
83
41
2
32
70
81
65
56
88
36
7
23
25
25
20
35
18
1
26
79
0
96
83
63
11
2
93
15
44
39
14
71
61
92
47
68
81
90
27
1
56
26
93
83
81
7
91
88
38
27
91
85
10
47
25
71
72
15
33
34
50
13
36
28
75
48
2
64
59
79
96
44
19
39
57
74
2
60
73
83
67
56
45
31
4
16
85
24
63
26
56
99
31
72
3
78
42
15
98
96
11
33
79
91
45
27
97
81
9
89
49
83
0
76
34
93
36
0
63
84
29
96
3
14
86
80
13
96
28
38
75
53
41
69
98
11
28
4
70
47
35
6
60
80
37
45
1
36
10
62
35
15
38
5
78
56
12
98
4
51
89
95
57
67
4
27
22
48
82
53
80
44
82
34
19
58
63
46
98
65
12
31
25
35
37
82
47
97
18
45
13
1
95
57
64
61
60
46
52
19
57
19
27
8
3
39
77
42
93
32
86
7
92
0
34
85
86
2
57
61
68
5
96
20
33
72
71
82
88
94
34
45
39
88
26
28
48
76
6
38
69
72
72
18
68
25
54
99
31
12
11
41
85
96
80
35
88
79
37
16
93
8
77
43
39
4
48
55
54
77
30
96
14
89
30
30
20
20
75
9
8
54
52
21
98
89
46
45
77
56
95
7
49
72
90
42
75
98
23
46
52
3
41
39
76
55
99
9
28
18
72
56
93
5
61
38
32
80
21
83
53
96
69
66
88
3
20
81
64
64
5
86
31
48
52
29
20
22
93
11
90
30
32
81
76
2
74
29
43
10
1
9
9
70
15
57
4
78
58
96
76
55
20
3
41
81
63
5
38
47
9
1
12
58
54
92
81
67
88
15
66
13
89
77
78
1
55
2
5
64
47
39
64
44
71
67
61
13
37
44
46
22
75
36
43
7
84
17
89
81
90
18
87
42
80
73
46
37
38
94
74
83
24
42
21
80
46
82
22
64
1
10
62
67
60
21
55
13
86
14
53
41
16
87
53
75
47
58
27
83
30
1
42
31
96
6
7
89
31
97
33
98
3
5
0
7
84
16
6
37
5
39
16
9
71
90
10
29
87
31
64
87
72
50
94
14
23
34
36
74
25
39
73
77
41
80
99
83
70
50
41
9
72
99
21
71
14
78
96
15
96
2
79
78
77
92
18
46
17
56
71
20
9
59
78
28
62
49
0
89
40
54
0
62
89
70
30
21
91
19
49
32
41
16
93
60
26
28
86
59
35
27
48
19
80
75
51
3
0
23
77
93
60
15
63
67
58
99
64
84
84
3
80
71
8
68
35
36
94
69
40
69
23
35
38
26
62
25
51
30
88
5
1
75
74
0
3
56
26
5
3
89
8
81
89
72
42
16
54
48
34
97
45
13
14
56
92
47
79
22
32
31
18
82
65
73
16
45
49
37
42
46
16
61
15
81
24
8
89
28
96
98
59
37
74
49
45
34
80
63
92
82
54
32
18
33
18
40
57
84
96
80
13
21
81
46
69
11
67
7
61
98
41
42
79
12
24
15
59
44
84
24
42
75
80
59
74
7
90
16
1
72
64
14
17
50
82
20
15
56
16
63
86
77
12
38
3
12
58
36
62
23
80
13
15
12
11
16
42
29
45
13
18
97
25
68
82
48
67
93
92
27
66
31
10
82
93
13
48
11
48
50
90
69
42
72
69
79
35
99
58
35
78
29
90
53
68
63
26
88
78
95
78
32
54
93
17
64
74
36
98
29
